Input Source 1: Random Number

alpha		linear		double
--------------------------------------
0.5		1.49		1.43
0.6		1.74		1.62
0.7		2.15		1.85
0.8		3.01		2.23
0.9		5.75		2.94
0.95		9.45		3.69
0.98		30.50		4.65
0.99		44.93		5.49


Input Source 2: System Time

alpha		linear		double
--------------------------------------
0.5		1.0		1.0
0.6		1.0		1.0
0.7		1.0		1.0
0.8		1.0		1.0
0.9		1.0		1.0
0.95		1.0		1.0
0.98		1.0		1.0
0.99		1.0		1.0


Input Source 3: Text File

alpha		linear		double
--------------------------------------
0.5		1.59		1.45
0.6		2.08		1.63
0.7		3.76		1.87
0.8		7.43		2.25
0.9		22.38		2.95
0.95		155.21		3.73
0.98		376.09		4.73
0.99		523.73		5.49


